>DOJHLOP01DWJWJ length=100 xy=1483_3377 region=1 run=R_2005_09_08_15_35_38_
32 31 29 26 30 30 30 32 31 29 26 30 30 30 32 31 29 26 30 30 30 32 31 29 26 30 30 30 32 31 29 26 30 30 30 32 31 29 26 30 30 30 30 30 30
>DOJHLOP02GK3KF length=100 xy=2583_2237 region=2 run=R_2005_09_08_15_35_38_
32 31 29 26 30 30 30 32 31 29 26 30 30 30 32 31 29 26 30 30 30 32 31 29 26 30 30 30 32 31 29 26 30 30 30 32 31 29 26 30 30 30 30 30 30
>DOJHLOP01BDHIH length=100 xy=0446_2135 region=1 run=R_2005_09_08_15_35_38_
32 31 29 26 30 30 30 32 31 29 26 30 30 30 32 31 29 26 30 30 30 32 31 29 26 30 30 30 32 31 29 26 30 30 30 32 31 29 26 30 30 30 30 30 30
>DOJHLOP01C8Z6P length=100 xy=1215_2463 region=1 run=R_2005_09_08_15_35_38_
32 31 29 26 30 30 30 32 31 29 26 30 30 30 32 31 29 26 30 30 30 32 31 29 26 30 30 30 32 31 29 26 30 30 30 32 31 29 26 30 30 30 30 30 30
>DOJHLOP02GJSS1 length=100 xy=2568_3075 region=2 run=R_2005_09_08_15_35_38_
32 31 29 26 30 30 30 32 31 29 26 30 30 30 32 31 29 26 30 30 30 32 31 29 26 30 30 30 32 31 29 26 30 30 30 32 31 29 26 30 30 30 30 30 30
>DOJHLOP02IZ5LP length=100 xy=3575_0715 region=2 run=R_2005_09_08_15_35_38_
10 10 10 26 30 30 30 32 31 29 26 30 30 30 32 31 29 26 30 30 30 32 31 29 26 30 30 30 32 31 29 26 30 30 30 32 31 29 26 30 30 30 30 30 30
>DOJHLOP01AN4EN length=100 xy=0157_2493 region=1 run=R_2005_09_08_15_35_38_
32 31 29 26 30 30 30 32 31 29 26 30 30 30 32 31 29 26 30 30 30 32 31 29 26 30 30 30 32 31 29 26 30 30 30 32 31 29 26 30 30 30 30 30 30
