>DOJHLOP01DWJWJ length=100 xy=1483_3377 region=1 run=R_2005_09_08_15_35_38_
32 31 29 26 30 27 32 32 31 30 28 26 26 28 27 19 26 31 24 32 31 30 25 25 29 24 31 28 28 31 31 27 29 26 22 14 32 31 25 29 31 31 29 32 28 31 31 29 23 24 22 19 19 18 16 10 3 31 28 32
29 32 31 28 23 30 28 31 31 26 24 31 31 28 30 24 27 24 17 29 28 23 31 20 11 16 31 28 31 21 12 30 29 31 26 31 29 24 31 17
>DOJHLOP01DWJWJ length=100 xy=1483_3377 region=1 run=R_2005_09_08_15_35_38_
32 31 29 26 30 27 32 32 31 30 28 26 26 28 27 19 26 31 24 32 31 30 25 25 29 24 31 28 28 31 31 27 29 26 22 14 32 31 25 29 31 31 29 32 28 31 31 29 23 24 22 19 19 18 16 10 3 31 28 32
29 32 31 28 23 30 28 31 31 26 24 31 31 28 30 24 27 24 17 29 28 23 31 20 11 16 31 28 31 21 12 30 29 31 26 31 29 24 31 17
>DOJHLOP01DWJWJ length=100 xy=1483_3377 region=1 run=R_2005_09_08_15_35_38_
32 31 29 26 30 27 32 32 31 30 28 26 26 28 27 19 26 31 24 32 31 30 25 25 29 24 31 28 28 31 31 27 29 26 22 14 32 31 25 29 31 31 29 32 28 31 31 29 23 24 22 19 19 18 16 10 3 31 28 32
29 32 31 28 23 30 28 31 31 26 24 31 31 28 30 24 27 24 17 29 28 23 31 20 11 16 31 28 31 21 12 30 29 31 26 31 29 24 31 17
>DOJHLOP01DWJWJ length=100 xy=1483_3377 region=1 run=R_2005_09_08_15_35_38_
32 31 29 26 30 27 32 32 31 30 28 26 26 28 27 19 26 31 24 32 31 30 25 25 29 24 31 28 28 31 31 27 29 26 22 14 32 31 25 29 31 31 29 32 28 31 31 29 23 24 22 19 19 18 16 10 3 31 28 32
29 32 31 28 23 30 28 31 31 26 24 31 31 28 30 24 27 24 17 29 28 23 31 20 11 16 31 28 31 21 12 30 29 31 26 31 29 24 31 17
>DOJHLOP01DWJWJ length=100 xy=1483_3377 region=1 run=R_2005_09_08_15_35_38_
32 31 29 26 30 27 32 32 31 30 28 26 26 28 27 19 26 31 24 32 31 30 25 25 29 24 31 28 28 31 31 27 29 26 22 14 32 31 25 29 31 31 29 32 28 31 31 29 23 24 22 19 19 18 16 10 3 31 28 32
29 32 31 28 23 30 28 31 31 26 24 31 31 28 30 24 27 24 17 29 28 23 31 20 11 16 31 28 31 21 12 30 29 31 26 31 29 24 31 17
>DOJHLOP01DWJWJ length=100 xy=1483_3377 region=1 run=R_2005_09_08_15_35_38_
32 31 29 26 30 27 32 32 31 30 28 26 26 28 27 19 26 31 24 32 31 30 25 25 29 24 31 28 28 31 31 27 29 26 22 14 32 31 25 29 31 31 29 32 28 31 31 29 23 24 22 19 19 18 16 10 3 31 28 32
29 32 31 28 23 30 28 31 31 26 24 31 31 28 30 24 27 24 17 29 28 23 31 20 11 16 31 28 31 21 12 30 29 31 26 31 29 24 31 17
>DOJHLOP01DWJWJ length=100 xy=1483_3377 region=1 run=R_2005_09_08_15_35_38_
32 31 29 26 30 27 32 32 31 30 28 26 26 28 27 19 26 31 24 32 31 30 25 25 29 24 31 28 28 31 31 27 29 26 22 14 32 31 25 29 31 31 29 32 28 31 31 29 23 24 22 19 19 18 16 10 3 31 28 32
29 32 31 28 23 30 28 31 31 26 24 31 31 28 30 24 27 24 17 29 28 23 31 20 11 16 31 28 31 21 12 30 29 31 26 31 29 24 31 17
